750
64.212634 142.317390 199.450777 123.088479
110.024339 117.833887 241.257631 60.411271
39.681012 45.537087 114.504547 135.515893
82.222371 79.724985 133.765990 90.076827
32.170170 90.167102 136.521440 44.730989
32.058120 88.353407 51.482307 31.582583
130.097152 137.283779 240.973698 112.138150
18.141471 23.372989 69.329497 111.505534
116.520248 84.645616 148.369674 53.074768
37.291146 142.126925 112.803557 33.990206
43.394682 122.485935 94.278882 137.870353
15.741769 144.674239 35.575046 119.941806
47.991915 127.982999 192.532852 44.064566
16.179778 146.218005 34.462488 62.015898
31.254370 31.397669 86.850364 36.009115
131.173868 100.853167 167.654572 73.269366
66.269515 115.725425 177.984307 123.762220
110.716779 96.285739 230.508101 135.610774
51.029136 126.331581 193.022869 143.477532
50.369938 41.618293 85.603214 40.390190
109.400626 129.847321 241.755768 15.473011
100.817399 63.347657 212.472693 110.022353
76.471717 80.358032 156.168439 21.831419
78.158565 85.505453 152.309916 47.855296
136.099617 135.740828 226.299026 86.042178
143.700218 33.275496 167.003763 17.887122
135.608932 17.431079 186.981266 92.877619
95.360938 52.618787 187.222530 52.506400
30.978350 68.874725 119.386185 145.567934
17.683231 145.423155 138.253720 147.004353
126.982186 130.872649 254.578465 17.097749
19.344730 135.819128 63.228593 65.611718
103.449846 100.857090 237.094425 91.734487
142.611162 104.798750 181.528116 95.202341
101.086881 85.294048 192.104209 112.704904
44.460141 98.787417 133.808945 111.958646
61.132702 51.871571 201.955882 17.006246
87.925942 109.944028 146.290052 91.923300
79.214652 64.490401 124.304876 53.578618
144.371714 117.773279 232.583552 57.418260
26.314978 141.517483 43.613453 42.948915
81.970001 23.205768 149.050272 50.894107
80.313187 24.140548 162.017487 119.431197
44.311088 111.256969 83.694797 22.027848
132.697311 17.500173 254.246693 124.860747
128.252719 138.406444 235.876788 110.923127
96.210050 22.813368 243.620101 100.262452
143.491028 50.237893 230.040657 54.054117
122.507564 90.921601 151.555847 60.614143
76.895293 85.076578 141.172156 98.874846
139.880584 57.352773 247.168634 58.366296
142.121060 78.446050 283.115990 40.207738
79.444463 47.643001 114.154093 54.030235
123.079740 55.430130 209.928312 106.630083
93.656962 63.719051 230.127161 133.767719
114.431192 28.485264 219.082209 89.585615
69.046792 71.863130 148.755618 109.143358
94.844864 102.178252 110.815548 143.746533
127.657025 106.334885 277.225689 16.898733
114.623708 88.790273 156.601379 60.427014
68.279015 70.208197 126.497848 76.264685
110.777194 149.116906 148.131411 125.998473
146.538829 132.451716 241.988167 29.473043
17.515091 89.344784 133.877752 80.789674
63.654878 66.794396 198.037392 107.730946
149.819278 29.221622 212.764437 48.401929
28.241274 67.547217 109.801622 69.797927
115.582163 23.395839 171.185401 148.188543
125.368941 66.432185 169.648597 69.531379
136.342595 128.769157 221.854215 56.128708
64.933823 47.818856 110.982233 86.074109
144.969556 69.942446 266.862533 130.499003
66.953302 63.924460 156.368546 123.550113
44.588934 122.812348 149.690846 99.285656
87.250607 90.983071 197.073456 29.486742
15.531125 149.604669 140.258654 32.414751
64.204250 146.799658 89.210343 127.848297
38.353740 109.192248 69.530889 64.290635
91.307223 146.355699 193.522420 121.989078
129.946952 146.624540 255.367560 89.873970
106.812508 66.346998 132.545119 93.146688
135.148697 37.211954 283.350834 116.920162
142.273637 139.108246 207.861265 95.531367
70.161517 29.243435 99.804657 75.532474
144.562304 102.015615 290.869884 111.361457
149.820213 20.150604 175.050613 81.441791
106.685000 86.197634 235.507403 138.997095
116.608660 101.573253 151.328849 22.975261
20.420027 16.633651 107.270616 90.599728
81.496488 94.995153 193.196044 112.983297
36.495123 77.285418 61.228274 135.183299
22.706361 84.362058 149.204665 57.324695
23.593912 134.028646 84.895341 114.343273
140.569920 85.142874 262.987974 52.836841
124.396109 127.527407 179.129665 41.707387
139.700369 116.780091 251.286975 51.630557
29.993308 16.017976 108.607888 54.544973
19.974886 24.410473 114.704693 95.155805
130.423431 109.957438 273.659430 130.646126
60.891604 48.550416 150.725969 63.320734
73.730892 56.919051 137.637035 17.939411
143.074737 20.507303 183.320501 129.881099
82.619844 57.840864 229.508104 80.919338
60.379237 83.451222 89.571701 124.457621
54.674868 25.234593 162.405388 65.932536
99.807320 25.221925 122.294531 62.138743
57.825168 41.365557 180.371854 53.827664
100.470719 118.455249 161.242740 29.990574
96.852140 68.529866 185.755020 144.891995
64.136904 108.964137 114.587644 94.187705
110.773425 107.901989 136.259032 139.646784
29.632996 44.577063 115.750005 126.025307
99.008705 113.267575 136.420173 94.415655
110.103066 66.030126 186.738887 48.672419
123.895313 140.330544 257.306721 140.675936
115.066965 32.902402 221.672043 91.753186
15.131552 91.033329 31.768735 75.117414
101.625396 81.047597 218.254118 87.854623
39.823807 68.134940 79.865654 92.542728
121.461206 129.306626 208.099447 40.503153
92.508245 115.701571 158.481125 108.542684
58.497788 118.542020 149.565501 79.070128
31.865011 125.626635 93.848189 84.785339
51.002284 126.062801 134.041245 118.802823
31.227480 17.189744 149.895266 108.917378
148.469076 143.475647 278.349113 48.284303
22.906557 35.327713 89.952185 122.673483
60.068896 119.925350 123.052398 93.769377
35.187411 51.058610 83.156985 148.449937
43.738983 137.979022 171.976439 122.711583
128.673032 126.730172 277.311088 68.797231
130.996869 41.383706 173.036659 65.001405
78.959747 133.870176 109.013854 113.752239
115.380996 125.351496 194.261456 121.425476
40.183435 40.899061 57.314880 144.054218
53.652947 135.643331 176.240249 28.816194
105.537750 101.443002 148.014823 114.528321
71.918239 68.784133 153.385999 76.122566
41.000698 64.226770 153.735185 117.207104
127.078555 84.540051 148.316816 136.579267
140.356542 55.478857 229.965351 145.906021
94.305826 106.186473 165.879434 124.123191
35.669180 129.607197 178.808323 139.070726
21.941616 97.059092 58.950324 51.410558
100.295869 33.006177 189.675741 91.562167
39.694800 106.009258 154.732073 98.699008
144.893939 84.912791 275.519932 70.528347
135.746206 146.443823 220.807400 120.130672
135.939877 142.225635 272.266429 120.022944
56.349933 19.079623 149.072536 124.319850
28.806796 126.455817 58.931443 41.875128
60.477718 16.072215 119.491793 16.337548
89.456750 47.182781 211.495626 90.113988
52.747528 145.234674 179.275066 142.815298
115.369953 43.628862 159.929692 28.350520
127.386408 81.382665 240.628424 67.384626
52.354598 136.763247 70.689439 122.395675
55.971224 77.985053 180.821026 72.156628
74.869502 149.679876 164.203789 122.056147
111.716007 78.176368 137.150485 114.172761
35.349880 115.338786 53.819922 30.454326
78.834908 72.593299 123.657033 48.988291
116.829763 122.115118 178.495537 107.667963
102.147813 35.642115 226.237875 69.475690
59.932270 52.518665 145.029908 98.035880
52.473457 99.843799 132.107781 75.581321
40.816283 124.070560 151.168707 117.347438
141.335437 17.472473 282.096110 149.399215
56.206398 137.411832 124.382445 139.111223
107.235317 101.443102 134.552312 22.950123
145.771822 99.679825 235.835803 27.942421
55.932584 143.499025 128.809594 49.933617
102.517587 118.112199 226.754768 141.958059
75.367283 80.452647 142.995485 60.875277
32.026872 56.525795 136.106158 49.850378
147.747008 79.399945 192.788961 42.803424
27.506862 149.313471 105.539371 24.139243
74.982392 43.451725 151.299506 128.914577
99.225610 36.224965 152.413685 125.701285
77.869439 30.256997 177.796789 23.354766
27.871299 64.572501 114.095484 96.758060
71.927868 132.288074 88.120835 71.568755
35.390759 99.589636 179.283995 52.210594
28.608017 122.092144 148.116799 114.454408
133.510504 29.302430 271.650638 47.483378
115.202865 99.328049 212.463280 132.003372
45.498021 80.174332 89.246244 114.060927
94.587922 91.027797 113.066155 75.712422
44.199951 140.620075 167.521355 131.468017
53.296523 88.099165 197.145997 78.520632
35.523699 33.870797 78.822628 68.400418
125.233591 49.420407 224.676168 48.188591
116.728202 100.227471 149.042061 26.338530
109.006834 103.156189 164.333006 42.730417
148.249148 132.101644 268.575290 81.402500
96.818537 44.245963 245.921186 122.507248
106.849074 71.106342 230.399369 30.819875
104.741357 20.929057 158.516174 79.495086
63.433991 126.607554 88.994084 18.222320
114.126469 37.199174 160.296044 69.392636
119.712729 132.477881 207.602589 35.180688
99.773024 79.258062 206.923928 27.623692
40.587930 109.358129 93.006713 33.515469
135.298525 90.437002 250.766826 132.453277
78.932796 144.759761 135.018050 124.450057
91.209517 64.320193 241.180725 33.374464
100.759636 56.273197 145.022574 30.361282
44.426070 53.682997 93.085250 44.995437
56.401143 46.669055 77.192199 101.171281
137.314157 61.731402 233.105046 137.496052
52.801906 52.750977 111.620900 99.862014
85.668103 94.542780 141.101235 77.138962
45.659162 84.704962 82.023858 72.228196
66.071199 145.804341 202.743849 67.204233
57.746322 116.993172 176.199771 140.776974
50.907968 126.394360 130.968724 17.949613
69.355536 35.530135 168.657035 127.911594
89.300119 149.280791 199.036586 33.557916
90.509201 73.326028 195.053006 127.203363
130.997069 84.140912 167.954018 106.096955
94.346790 68.785320 181.689807 94.793270
23.973147 147.374043 118.819498 93.572521
34.434984 71.671995 111.374090 96.439441
119.244974 134.479488 229.861261 93.101997
89.609671 41.150063 168.369483 86.049524
138.459228 31.679975 284.158458 71.496422
34.444665 50.560018 77.537906 27.666979
45.786762 101.178168 70.823870 86.960432
120.614796 71.533801 188.307009 27.530864
97.986987 63.477887 177.173701 16.383411
87.076547 99.104976 210.619362 33.874960
18.571090 59.197492 49.310997 62.221752
42.440370 31.677906 181.831973 124.016331
131.470435 44.174444 236.529724 39.827270
73.765915 87.769622 92.410773 133.421429
26.747455 121.371102 115.602167 36.877908
85.964286 50.701430 109.361004 16.625647
136.755255 100.177659 256.546145 64.889776
130.590268 42.976744 269.134382 62.701571
110.969700 99.806426 222.628470 108.073876
65.243849 80.762749 131.004379 103.196454
109.101908 87.353951 164.377697 116.257141
101.688883 146.296548 168.550307 146.463644
48.356290 23.210316 190.902659 59.102636
37.956008 98.567132 64.025803 97.473595
124.105631 53.451166 173.851405 68.908119
92.930926 19.525534 159.170920 86.296694
123.337422 123.018021 214.200672 120.795025
52.808509 18.457881 186.636010 39.108815
107.044011 92.495352 137.273870 99.476185
145.436262 62.029826 188.747747 109.611190
125.156016 37.537998 233.650965 42.666830
81.425095 21.817172 115.879646 83.638819
131.621401 40.220212 264.768829 47.444464
23.528939 105.779111 63.033843 139.952133
109.155131 101.351063 234.873148 94.447692
55.637047 99.003507 111.004244 148.703470
63.027258 61.096855 175.412470 93.731725
131.906110 116.078431 191.980869 18.630026
52.959794 93.951534 171.721226 48.295068
117.660166 148.596876 252.617618 83.690306
143.923801 67.528904 271.538676 43.517055
85.516312 101.645202 104.943134 36.334664
86.027744 84.121592 186.966734 62.497939
103.582040 103.841602 133.082980 33.652822
138.208434 122.295460 278.026043 84.715995
66.141676 50.909317 155.068298 140.516155
107.582468 101.819232 250.840809 100.205410
113.210379 37.401758 200.907313 143.654225
91.939430 78.393197 178.090704 89.768193
15.250153 86.766238 106.793657 38.783283
19.434432 94.466310 98.679165 63.081027
34.920531 92.406047 127.285155 25.542010
119.450604 58.080083 172.031041 62.732311
121.607338 74.017894 140.175525 64.287431
32.423745 41.477392 94.917578 51.190870
140.970339 104.789636 237.404857 114.467876
121.193539 22.188246 216.439975 57.514233
87.694321 26.925152 197.594620 24.937084
88.960995 136.703753 108.305356 58.288401
130.104422 28.670583 233.544686 111.138496
24.015353 93.683569 44.555014 52.785768
149.449395 48.199934 283.140140 23.229700
130.183820 135.211137 228.377841 77.368042
43.429119 57.459775 162.319689 36.721727
105.187546 73.035880 234.593270 136.189382
82.518584 124.915967 108.616780 31.400646
80.366235 120.496045 96.893750 76.328655
24.784858 23.126605 70.624271 144.446226
24.328163 44.257464 43.055549 51.176168
113.344252 135.745834 203.579862 141.379329
144.197060 27.904661 251.036673 54.223813
86.455967 69.059543 204.787584 89.126375
143.186730 41.500185 165.018080 140.695563
128.323524 132.169815 256.021535 69.616660
75.164215 41.682185 93.639742 76.284239
143.320075 117.802260 196.156598 77.025184
117.870393 103.904178 204.299766 69.352539
62.210391 103.380146 156.243057 52.112071
56.324435 68.779719 120.455890 72.085251
56.731594 118.143522 124.682511 27.541692
132.261610 97.994904 224.034736 145.977300
71.198218 20.054018 89.992133 33.828460
73.984393 44.312092 161.500752 122.304792
21.837529 16.123767 106.047585 139.082490
80.893938 34.361821 208.531688 113.220230
49.984330 145.521202 139.057532 133.046113
81.050452 33.424396 108.678586 86.881863
26.920278 31.024476 53.368999 103.055749
110.194136 135.652060 211.300843 36.197158
113.866585 53.638806 129.133320 43.977987
125.801675 49.318769 171.201145 77.447144
124.032461 59.859333 182.491372 46.116627
54.547199 43.107726 72.713482 59.773224
149.834622 90.437637 231.829464 44.055023
109.385462 119.347425 244.662685 101.063608
139.914343 146.820012 191.267786 50.501553
23.877339 130.996897 109.865761 60.193963
62.977087 130.853178 131.151861 109.597605
92.208534 147.424210 154.978756 126.991167
33.246355 87.075484 103.967906 139.421765
133.143576 44.367366 226.785090 32.855944
144.611740 112.130565 280.540441 54.024240
41.379234 148.576468 100.669604 99.782132
36.968897 131.813247 112.978612 132.950004
37.104708 82.619973 66.081492 45.462643
149.639327 36.328409 165.576430 20.217095
19.231398 112.282826 122.108410 106.929790
95.980103 117.975096 157.215002 98.534510
36.696291 56.486084 54.445407 56.040465
36.005566 145.272104 185.686674 22.072596
87.506823 42.352038 165.297675 138.936896
39.281048 91.310228 106.075124 63.117858
57.163140 101.132897 119.964900 34.701167
102.109896 96.854606 221.521495 58.520034
118.773599 129.524413 256.421384 75.450643
74.857994 54.675853 100.287910 29.730848
63.485899 120.341742 85.016751 88.036687
126.805990 41.282912 269.100542 90.298286
21.892795 120.751901 152.783601 94.431951
83.554126 134.491320 207.557941 29.279890
91.410854 78.039942 120.414811 62.026724
59.578658 69.252713 198.245887 89.446647
57.597262 38.266851 201.723376 83.595915
63.169995 126.427318 102.440479 46.956398
143.319447 65.947115 160.512930 59.734677
113.835980 20.633342 152.190698 102.696573
19.294972 94.114024 107.628792 90.983293
39.323808 21.318208 82.323023 91.174838
138.039265 16.753443 255.996108 75.269903
22.305490 96.591308 38.502857 141.653131
73.836566 78.826954 204.197135 145.906187
53.481099 88.454249 140.683109 50.098502
68.282810 148.111554 107.089860 36.910008
113.550293 79.704782 219.533105 108.734419
142.973940 78.409321 220.541031 54.060854
74.309316 20.372651 175.873595 120.545095
99.485400 85.826618 130.811553 81.312276
25.906318 40.054454 174.424506 57.200324
49.364909 58.766077 76.559485 102.723107
104.407860 65.553262 194.493785 75.284071
75.180305 47.002131 222.616231 23.804569
137.966848 130.049690 195.241423 35.155103
77.029620 58.248668 111.115514 25.043335
138.789237 62.567527 173.874951 101.350498
67.478982 97.573126 116.290642 33.239445
46.386121 106.393881 97.929568 66.057492
145.918584 19.065298 196.926102 17.944928
62.523550 115.759373 159.279578 92.912490
122.498276 25.665213 272.160345 35.226987
115.521582 63.640801 265.541273 130.923810
59.491305 103.991850 134.612892 102.408218
35.987809 52.985215 104.022572 101.346986
75.475919 74.588397 133.533415 141.138235
17.565402 119.775666 162.389637 18.969891
18.709641 143.133191 61.020947 109.398083
40.464710 134.838419 175.807069 106.408268
64.621903 124.040078 100.747830 118.498391
129.611464 99.701921 229.469020 122.813027
61.402635 48.459313 94.625559 110.773435
127.693857 91.662768 156.065078 39.621245
97.247493 92.283467 197.155705 42.673358
63.845461 116.958583 184.534984 35.451660
88.340694 108.507415 179.550916 93.607085
67.673199 24.050812 136.941294 108.203536
137.177092 37.716919 277.803515 106.500948
117.014150 61.964694 230.611772 92.964504
32.348043 39.030784 105.356992 34.851338
57.820893 68.957813 143.694630 18.822887
19.662140 17.387757 95.390940 145.135539
63.806609 116.118203 165.327259 53.128479
70.164522 99.519534 98.249794 27.614207
46.819151 66.571528 124.653845 144.235856
99.761845 19.662274 205.249392 29.268188
99.046606 29.697655 181.301420 59.852417
54.322321 117.448049 91.672568 51.869705
31.353224 132.193557 127.388491 36.236079
123.214267 135.472924 167.512180 62.459689
148.932328 147.257823 285.772409 45.367331
139.811357 123.850715 181.279252 147.619523
51.811607 97.140677 109.381908 49.272214
85.974129 124.355612 196.289111 118.987812
35.248845 61.605864 91.671617 115.410252
93.549991 27.422362 132.013873 133.758705
107.109221 117.595726 195.156554 84.482931
135.622150 84.895643 208.446667 88.768400
121.801171 111.024213 173.393281 36.093588
144.436884 141.814106 164.358177 147.581026
142.414900 54.958478 235.441066 122.645454
80.535803 26.251534 224.468124 16.969312
17.552750 148.701360 44.482699 113.671837
123.816273 89.180158 183.702100 24.396867
49.989259 30.098731 153.520732 35.551356
116.834526 30.152857 141.763786 89.302633
89.387056 42.873150 207.327444 148.908532
86.323988 34.357962 187.175247 35.533709
135.850199 111.527894 270.315827 17.514798
119.454766 43.202722 222.657131 131.060344
147.319795 115.496599 282.615641 145.114829
15.076515 75.363977 72.089733 117.453231
26.862151 48.412793 138.923190 20.990486
118.053074 44.488732 226.025883 60.158158
109.657414 40.906653 209.761885 112.083324
63.801436 49.191719 105.323243 21.255585
62.372957 73.087641 192.272907 21.537504
81.560057 65.449498 159.165106 58.177477
53.305286 148.375047 159.632223 105.982849
137.566013 19.238663 199.453313 71.857008
134.980214 23.808225 245.131526 66.517136
142.895554 119.688300 175.800019 110.052899
83.457486 58.330797 123.662289 31.718301
69.022693 29.095490 185.177178 136.027826
124.678317 41.467742 199.863410 117.864069
78.387215 62.002539 173.246760 89.048562
75.530599 45.745002 209.794710 58.200361
24.337245 78.936145 101.453677 24.670221
92.799463 33.387505 220.080061 70.927184
145.591953 50.338404 287.437327 130.407000
68.717908 130.359900 126.500758 122.319400
62.978189 107.381605 155.821942 123.605281
145.097889 87.639249 203.501106 132.644825
99.283783 83.716006 204.827907 65.945590
73.218680 91.584701 157.434390 83.082279
134.106617 135.505296 193.423636 105.132938
85.317741 112.180259 205.957514 142.106139
134.123564 95.432343 231.035200 144.324084
105.321512 50.519892 131.931863 82.256377
60.194427 47.635045 85.318725 81.132815
19.912600 123.919201 163.425163 143.761113
44.747439 131.069046 68.330759 89.118583
24.371948 22.238712 101.554461 30.878160
116.497888 82.816553 215.676670 18.894824
144.529898 28.210676 244.222436 57.083553
70.482512 82.040248 143.806182 45.618784
81.514153 107.680563 121.113062 146.030395
43.903384 68.267830 149.283095 74.612035
16.717682 103.731360 94.976707 75.269657
78.401775 104.644334 208.039829 73.822669
45.245535 130.827560 135.048818 18.278757
148.224527 123.904219 286.463816 22.940936
35.335522 105.751394 102.598851 58.476318
65.746796 118.862967 151.385989 120.842287
96.543145 37.773388 117.611581 135.991423
127.045754 147.080593 152.931190 65.642111
138.637167 127.012690 271.239745 88.074115
126.657365 142.513016 162.507644 52.262158
64.892625 29.384499 108.914397 107.350588
66.458339 61.112533 123.139498 79.463750
98.220978 24.292280 158.975670 106.316289
114.433525 81.832931 177.421693 50.314270
44.255761 58.028555 109.585970 53.108813
45.301647 126.932823 153.434087 109.527536
23.296605 119.795019 149.718042 89.613206
134.998321 81.206126 233.058118 143.457066
73.132519 120.835292 210.330822 141.952042
74.586756 121.444828 206.530654 75.927628
57.273896 19.317044 82.504511 107.158068
25.610573 64.521155 143.089705 73.476248
103.689050 86.691792 160.176621 104.611281
25.422440 135.781408 167.603993 49.464835
84.824032 28.180783 173.840640 113.880166
35.977097 35.673240 136.504010 23.969164
79.715832 81.188804 159.477201 121.522482
15.766286 63.798278 70.437117 73.816009
125.574559 40.795030 275.061681 101.513155
102.514484 72.955262 182.001770 54.437984
135.231079 32.558511 276.785637 85.775427
30.467559 17.755360 135.619509 132.389324
33.760552 139.871169 91.709813 102.863720
16.392932 28.599856 129.753480 93.606299
78.135089 141.808177 133.452013 52.223655
86.134686 41.299958 217.624784 45.045783
99.744947 126.360014 156.611142 136.057087
147.940008 47.549107 222.265795 130.395269
89.732499 121.289793 222.172544 18.854803
108.130048 76.592779 244.680800 64.182216
72.623229 55.594473 213.626345 36.526102
29.771829 60.675671 134.039345 82.655333
79.452810 142.384314 151.658097 116.750626
92.249500 19.743123 170.606708 97.777447
66.422572 88.462273 190.876397 123.706555
139.434265 149.190268 241.276911 93.654009
52.996215 54.351629 130.038417 99.104457
134.164844 93.674323 177.169107 70.307481
23.974301 53.221907 171.548092 95.709093
145.158619 40.876631 179.063269 25.875735
19.692986 47.235336 95.510889 91.717339
31.275670 132.155832 129.940847 57.343768
65.662507 63.344649 158.100312 132.563902
41.346061 67.127398 65.122790 107.302190
24.371704 46.545840 160.017089 51.068738
65.013777 90.045661 181.068624 42.566995
68.212073 139.047560 92.758909 55.884386
129.374170 94.544351 252.405658 123.417460
128.765697 130.807637 211.324110 125.359814
17.650042 39.817238 124.706792 93.263828
139.757399 134.507786 209.543006 28.876771
30.048508 23.145123 78.295784 105.127960
25.729416 69.478011 131.738207 17.763064
147.051388 85.229575 191.092368 48.531701
34.910154 68.648658 76.646105 99.440030
47.283433 132.017180 167.110665 125.008403
129.568440 132.756124 228.723224 38.387844
81.405625 71.570069 104.257386 124.803460
35.701525 84.394168 88.738990 34.561080
109.170655 39.609878 155.713106 68.188673
115.889475 105.934761 149.873005 71.093226
44.455711 115.286596 127.137240 87.325590
114.393043 98.931749 162.605670 90.220053
133.262567 76.787916 225.414297 121.188380
132.831566 38.733165 192.933066 127.153999
131.043561 106.061035 147.274751 115.287247
90.511342 30.335043 127.405887 16.485895
78.441397 48.315753 132.854820 78.492404
45.627747 134.019584 131.819726 83.818707
53.538288 78.491255 122.377104 53.808491
135.347409 28.409839 163.715638 111.309778
21.945959 44.633849 44.142194 34.048187
26.449046 95.017735 72.782139 80.896572
107.795843 35.574084 213.593823 149.361348
35.851249 74.368765 119.268112 52.619133
72.766558 77.655183 131.138018 44.560077
34.681164 110.023505 136.931757 111.579385
133.447711 84.149228 256.486266 137.822781
139.629705 79.445030 179.939029 125.584733
37.476555 53.885540 92.362267 59.863961
72.459628 143.368199 172.262179 128.651058
58.326897 125.404648 126.190092 122.650625
51.899643 106.353543 127.930017 64.283465
27.427562 27.484939 64.454163 89.192994
59.723029 115.383677 160.937601 77.967855
131.491125 83.488858 260.169363 36.038274
142.042114 44.130595 196.238896 148.316438
97.875479 46.971434 194.435946 62.198691
100.517262 131.984114 226.977664 71.512588
59.377197 99.256216 180.161849 44.747611
30.126687 95.862047 50.304067 19.172136
65.807728 129.153652 214.105160 141.577175
96.077837 20.710077 156.447940 81.342533
45.898131 86.218758 75.357243 86.048679
50.710154 124.675922 95.109119 147.153760
139.789504 144.596110 216.670420 131.474385
128.613513 129.214414 167.816060 102.269679
100.557205 43.923780 122.470805 124.215060
125.641491 100.659757 144.970747 86.424825
122.819790 17.502760 233.182307 58.912589
135.993995 143.737334 235.191085 139.039576
134.681680 32.251381 211.112017 115.742171
132.806555 104.597196 219.645677 52.073885
108.767501 26.380672 153.332813 70.700009
119.988479 138.651246 172.665660 137.017514
35.454963 60.561892 165.638584 98.277931
77.002790 103.133401 200.217955 127.964081
15.225813 47.248489 147.740894 32.061978
147.591642 123.185746 269.864267 102.854530
126.330574 35.250643 173.468067 110.587752
30.727420 23.706152 147.404194 41.422399
36.359601 130.514495 97.845842 121.971990
69.590614 62.500743 163.004005 132.196888
86.425775 55.118280 185.530148 95.124795
69.873491 95.850300 134.378754 39.443216
119.308260 117.998187 235.931777 100.270610
96.151600 146.892439 143.234260 69.127534
116.398284 88.069915 213.119369 92.348211
20.437936 17.828654 106.910700 74.937297
62.725351 59.938232 142.543114 49.545693
69.119618 39.623902 155.675929 125.592820
29.887460 92.047182 117.788829 143.232813
115.635810 33.493851 151.457451 94.556970
111.868545 15.250006 172.559888 146.814955
73.210312 30.200609 209.366952 82.478790
118.632892 34.804882 173.047108 119.849664
86.566285 78.374362 107.813593 60.677188
107.079739 63.798710 145.420787 72.707924
41.610435 15.392757 151.176394 101.164739
86.649782 58.199745 159.421220 89.874569
147.070035 50.734879 182.905032 78.116626
77.296994 79.070674 185.348195 75.494917
63.974457 109.471734 186.611569 19.203882
120.123008 135.093963 233.865127 80.806742
32.935703 37.318146 112.285914 105.049316
48.198547 40.387018 74.880930 120.362169
59.690213 47.508927 168.249363 25.168036
65.761696 127.822046 171.463786 94.959161
130.436294 69.162999 156.776131 46.191664
111.475683 102.741760 215.494253 52.190876
89.867760 15.712580 174.211343 24.551452
47.014621 143.457219 132.844371 98.321701
117.585973 139.843400 209.408122 78.658421
108.347044 111.491822 188.520507 54.169890
111.063888 65.183624 195.610049 74.864668
30.565147 19.874503 155.596646 101.604125
66.785024 116.216615 193.370755 120.770404
117.543241 35.510560 158.915067 36.263458
70.571336 64.685807 199.158513 117.568591
80.683902 84.872847 128.261078 121.544810
97.946964 24.836835 180.882660 45.472862
66.388646 53.070627 129.578504 63.272873
140.457922 108.580132 275.093979 46.208384
22.099247 145.419625 147.003553 16.328894
25.058160 120.114617 151.835094 36.792521
134.068250 91.677432 210.884572 103.380580
23.717733 142.499896 172.157650 102.912235
63.831066 62.448580 108.897031 112.102547
89.688162 132.613800 230.552695 118.829792
89.472715 83.362412 104.712309 61.053238
24.175510 31.171714 91.532401 43.228042
57.703716 125.608287 207.710731 94.504622
45.529413 77.107300 100.066871 141.056660
147.945480 97.597113 265.576649 39.412958
30.447696 109.551124 111.307368 45.987714
131.790474 138.953514 214.203828 51.269272
111.879454 64.692638 216.818505 15.076603
112.593263 27.035779 249.333051 18.069371
86.590431 24.669889 183.149668 74.420368
141.625550 59.827882 239.070770 105.689365
89.368308 75.928473 230.641724 145.406812
27.346741 103.767247 153.335178 109.345911
61.337450 140.817199 159.356610 110.988499
101.432233 146.134079 133.826690 147.477167
101.459771 87.126001 216.166081 114.171200
141.452906 102.687433 256.788199 25.237680
42.330536 134.429940 107.274294 40.301409
129.637976 78.858935 188.991426 28.721741
108.599006 109.145188 218.348253 140.751464
104.325762 106.023055 132.301219 60.711925
119.753185 126.879192 195.137756 40.874115
98.360630 79.146078 140.866916 44.628401
36.621507 111.836552 137.643609 51.339105
86.458982 85.976554 230.238315 27.511724
128.575688 52.742488 274.651524 21.353814
36.135821 39.419946 128.942735 122.940331
40.461229 147.165969 95.290443 78.869954
97.194018 62.952800 237.336016 17.855100
138.488207 92.675292 262.024925 139.036015
97.694818 73.092925 176.445710 23.792584
61.579977 64.593903 112.242592 29.910745
144.321337 31.901280 236.133443 145.741878
133.818798 53.171911 231.641290 111.944967
59.876484 79.263446 127.709441 34.640226
36.166983 112.982875 117.387256 40.610855
99.552083 115.994378 122.987111 121.395220
35.587077 44.866920 71.011915 139.364169
124.547255 99.568414 268.815686 144.241761
49.308483 103.709086 162.761453 142.737679
123.613848 122.194261 185.753221 73.080378
137.612445 96.104348 248.081582 103.378895
148.490814 96.019456 233.289358 131.872265
86.283048 144.287171 121.470296 101.987559
135.878588 144.269083 223.553434 136.565847
56.559880 18.824635 93.250329 74.639967
147.395445 88.260545 183.449944 94.394287
114.180913 20.212338 178.850573 63.111929
71.804343 57.534916 216.333392 47.228190
135.247380 123.919967 214.593301 73.082765
107.093240 138.265712 246.271857 15.934647
128.455583 84.412868 210.051538 63.826692
77.846497 83.054296 122.113855 134.657470
137.738584 47.618270 281.634524 92.643941
135.872663 92.081153 196.222228 134.108105
93.075098 143.219400 163.558791 135.887933
118.650146 19.246765 220.859968 26.001824
116.983033 123.706150 151.598805 147.016647
112.775601 28.837270 162.464267 49.400754
102.929472 119.626799 201.204203 56.025323
91.053971 107.892556 141.692249 93.603381
54.326294 43.022658 93.266122 45.079704
134.083363 73.944272 169.975230 141.883064
46.351501 123.381014 131.822515 25.532068
129.499060 46.368861 175.670927 71.129822
53.374010 136.180180 123.322401 143.733164
49.474186 128.171266 184.467580 53.271134
62.301420 132.598400 128.870964 94.123340
123.624663 125.680150 220.540752 126.802591
116.739015 82.427259 249.376905 141.378388
86.379097 34.224385 135.457754 98.901071
134.233126 22.749718 277.959647 75.100051
111.928173 126.461108 177.563894 83.870314
56.410342 66.491979 88.537183 56.101487
131.654589 59.515832 261.336439 149.831768
104.182082 140.446771 219.284737 43.797776
116.149866 74.674100 254.831431 128.580754
145.138398 40.664981 261.535013 72.660755
84.610810 145.083899 190.794981 16.452002
29.473874 96.087540 93.351660 53.667939
70.295458 77.223897 212.166842 105.972665
15.613120 145.829404 55.818663 110.548052
125.464043 58.115363 242.391977 78.044861
63.928873 40.577090 107.058457 68.036222
76.712545 107.202097 215.855251 70.246673
79.602715 102.152405 202.705468 80.597062
39.203497 146.267403 179.339739 54.162437
68.813902 126.577594 132.118225 114.517817
40.171707 35.983245 177.887480 35.687880
108.900956 72.250545 139.561769 133.754268
82.455985 133.017546 225.689681 149.792546
119.347431 133.582868 214.871257 82.146890
105.250801 101.955652 235.135745 137.508644
107.182212 41.360605 153.982118 116.617613
125.979236 51.618451 158.936214 98.563437
118.581840 113.092081 221.709914 132.404680
68.262921 30.313292 179.815539 70.964070
119.966539 104.919442 219.013857 128.089353
138.696693 137.930731 188.578038 53.038034
50.246003 84.805009 108.549636 18.413251
143.285956 47.092419 239.673449 118.071507
102.133748 118.512690 212.554223 48.889865
141.484737 91.482835 191.311176 69.902702
43.915107 146.608610 86.965553 20.506386
118.325868 125.538722 260.510813 85.644936
92.076392 42.923568 156.072498 19.644361
41.018888 111.593485 127.217312 101.962877
92.963401 134.703095 169.713250 140.101583
98.057991 35.969383 200.845706 62.541918
56.928493 22.531160 103.716955 122.690823
71.659595 138.320497 153.491367 139.725608
51.430834 70.056242 75.301942 36.183947
64.722068 98.580391 114.668354 24.420842
97.630763 33.103412 148.592861 131.571319
112.392299 123.401309 223.861413 74.383156
18.477455 38.008738 91.026068 73.680150
74.378646 104.174262 99.295077 72.326013
34.175285 19.635113 144.481223 64.266343
82.011522 71.256458 218.829291 82.618756
136.791265 78.812087 232.324720 104.454836
82.648086 137.578128 107.210865 93.463727
83.494393 145.826401 159.445651 65.519299
39.836243 51.568750 135.139387 48.241543
82.437260 127.695336 174.464724 23.509114
38.030095 104.618220 54.448170 20.010242
Total intersections 62943 
750
64.212634 142.317390 199.450777 123.088479
110.024339 117.833887 241.257631 60.411271
39.681012 45.537087 114.504547 135.515893
82.222371 79.724985 133.765990 90.076827
32.170170 90.167102 136.521440 44.730989
32.058120 88.353407 51.482307 31.582583
130.097152 137.283779 240.973698 112.138150
18.141471 23.372989 69.329497 111.505534
116.520248 84.645616 148.369674 53.074768
37.291146 142.126925 112.803557 33.990206
43.394682 122.485935 94.278882 137.870353
15.741769 144.674239 35.575046 119.941806
47.991915 127.982999 192.532852 44.064566
16.179778 146.218005 34.462488 62.015898
31.254370 31.397669 86.850364 36.009115
131.173868 100.853167 167.654572 73.269366
66.269515 115.725425 177.984307 123.762220
110.716779 96.285739 230.508101 135.610774
51.029136 126.331581 193.022869 143.477532
50.369938 41.618293 85.603214 40.390190
109.400626 129.847321 241.755768 15.473011
100.817399 63.347657 212.472693 110.022353
76.471717 80.358032 156.168439 21.831419
78.158565 85.505453 152.309916 47.855296
136.099617 135.740828 226.299026 86.042178
143.700218 33.275496 167.003763 17.887122
135.608932 17.431079 186.981266 92.877619
95.360938 52.618787 187.222530 52.506400
30.978350 68.874725 119.386185 145.567934
17.683231 145.423155 138.253720 147.004353
126.982186 130.872649 254.578465 17.097749
19.344730 135.819128 63.228593 65.611718
103.449846 100.857090 237.094425 91.734487
142.611162 104.798750 181.528116 95.202341
101.086881 85.294048 192.104209 112.704904
44.460141 98.787417 133.808945 111.958646
61.132702 51.871571 201.955882 17.006246
87.925942 109.944028 146.290052 91.923300
79.214652 64.490401 124.304876 53.578618
144.371714 117.773279 232.583552 57.418260
26.314978 141.517483 43.613453 42.948915
81.970001 23.205768 149.050272 50.894107
80.313187 24.140548 162.017487 119.431197
44.311088 111.256969 83.694797 22.027848
132.697311 17.500173 254.246693 124.860747
128.252719 138.406444 235.876788 110.923127
96.210050 22.813368 243.620101 100.262452
143.491028 50.237893 230.040657 54.054117
122.507564 90.921601 151.555847 60.614143
76.895293 85.076578 141.172156 98.874846
139.880584 57.352773 247.168634 58.366296
142.121060 78.446050 283.115990 40.207738
79.444463 47.643001 114.154093 54.030235
123.079740 55.430130 209.928312 106.630083
93.656962 63.719051 230.127161 133.767719
114.431192 28.485264 219.082209 89.585615
69.046792 71.863130 148.755618 109.143358
94.844864 102.178252 110.815548 143.746533
127.657025 106.334885 277.225689 16.898733
114.623708 88.790273 156.601379 60.427014
68.279015 70.208197 126.497848 76.264685
110.777194 149.116906 148.131411 125.998473
146.538829 132.451716 241.988167 29.473043
17.515091 89.344784 133.877752 80.789674
63.654878 66.794396 198.037392 107.730946
149.819278 29.221622 212.764437 48.401929
28.241274 67.547217 109.801622 69.797927
115.582163 23.395839 171.185401 148.188543
125.368941 66.432185 169.648597 69.531379
136.342595 128.769157 221.854215 56.128708
64.933823 47.818856 110.982233 86.074109
144.969556 69.942446 266.862533 130.499003
66.953302 63.924460 156.368546 123.550113
44.588934 122.812348 149.690846 99.285656
87.250607 90.983071 197.073456 29.486742
15.531125 149.604669 140.258654 32.414751
64.204250 146.799658 89.210343 127.848297
38.353740 109.192248 69.530889 64.290635
91.307223 146.355699 193.522420 121.989078
129.946952 146.624540 255.367560 89.873970
106.812508 66.346998 132.545119 93.146688
135.148697 37.211954 283.350834 116.920162
142.273637 139.108246 207.861265 95.531367
70.161517 29.243435 99.804657 75.532474
144.562304 102.015615 290.869884 111.361457
149.820213 20.150604 175.050613 81.441791
106.685000 86.197634 235.507403 138.997095
116.608660 101.573253 151.328849 22.975261
20.420027 16.633651 107.270616 90.599728
81.496488 94.995153 193.196044 112.983297
36.495123 77.285418 61.228274 135.183299
22.706361 84.362058 149.204665 57.324695
23.593912 134.028646 84.895341 114.343273
140.569920 85.142874 262.987974 52.836841
124.396109 127.527407 179.129665 41.707387
139.700369 116.780091 251.286975 51.630557
29.993308 16.017976 108.607888 54.544973
19.974886 24.410473 114.704693 95.155805
130.423431 109.957438 273.659430 130.646126
60.891604 48.550416 150.725969 63.320734
73.730892 56.919051 137.637035 17.939411
143.074737 20.507303 183.320501 129.881099
82.619844 57.840864 229.508104 80.919338
60.379237 83.451222 89.571701 124.457621
54.674868 25.234593 162.405388 65.932536
99.807320 25.221925 122.294531 62.138743
57.825168 41.365557 180.371854 53.827664
100.470719 118.455249 161.242740 29.990574
96.852140 68.529866 185.755020 144.891995
64.136904 108.964137 114.587644 94.187705
110.773425 107.901989 136.259032 139.646784
29.632996 44.577063 115.750005 126.025307
99.008705 113.267575 136.420173 94.415655
110.103066 66.030126 186.738887 48.672419
123.895313 140.330544 257.306721 140.675936
115.066965 32.902402 221.672043 91.753186
15.131552 91.033329 31.768735 75.117414
101.625396 81.047597 218.254118 87.854623
39.823807 68.134940 79.865654 92.542728
121.461206 129.306626 208.099447 40.503153
92.508245 115.701571 158.481125 108.542684
58.497788 118.542020 149.565501 79.070128
31.865011 125.626635 93.848189 84.785339
51.002284 126.062801 134.041245 118.802823
31.227480 17.189744 149.895266 108.917378
148.469076 143.475647 278.349113 48.284303
22.906557 35.327713 89.952185 122.673483
60.068896 119.925350 123.052398 93.769377
35.187411 51.058610 83.156985 148.449937
43.738983 137.979022 171.976439 122.711583
128.673032 126.730172 277.311088 68.797231
130.996869 41.383706 173.036659 65.001405
78.959747 133.870176 109.013854 113.752239
115.380996 125.351496 194.261456 121.425476
40.183435 40.899061 57.314880 144.054218
53.652947 135.643331 176.240249 28.816194
105.537750 101.443002 148.014823 114.528321
71.918239 68.784133 153.385999 76.122566
41.000698 64.226770 153.735185 117.207104
127.078555 84.540051 148.316816 136.579267
140.356542 55.478857 229.965351 145.906021
94.305826 106.186473 165.879434 124.123191
35.669180 129.607197 178.808323 139.070726
21.941616 97.059092 58.950324 51.410558
100.295869 33.006177 189.675741 91.562167
39.694800 106.009258 154.732073 98.699008
144.893939 84.912791 275.519932 70.528347
135.746206 146.443823 220.807400 120.130672
135.939877 142.225635 272.266429 120.022944
56.349933 19.079623 149.072536 124.319850
28.806796 126.455817 58.931443 41.875128
60.477718 16.072215 119.491793 16.337548
89.456750 47.182781 211.495626 90.113988
52.747528 145.234674 179.275066 142.815298
115.369953 43.628862 159.929692 28.350520
127.386408 81.382665 240.628424 67.384626
52.354598 136.763247 70.689439 122.395675
55.971224 77.985053 180.821026 72.156628
74.869502 149.679876 164.203789 122.056147
111.716007 78.176368 137.150485 114.172761
35.349880 115.338786 53.819922 30.454326
78.834908 72.593299 123.657033 48.988291
116.829763 122.115118 178.495537 107.667963
102.147813 35.642115 226.237875 69.475690
59.932270 52.518665 145.029908 98.035880
52.473457 99.843799 132.107781 75.581321
40.816283 124.070560 151.168707 117.347438
141.335437 17.472473 282.096110 149.399215
56.206398 137.411832 124.382445 139.111223
107.235317 101.443102 134.552312 22.950123
145.771822 99.679825 235.835803 27.942421
55.932584 143.499025 128.809594 49.933617
102.517587 118.112199 226.754768 141.958059
75.367283 80.452647 142.995485 60.875277
32.026872 56.525795 136.106158 49.850378
147.747008 79.399945 192.788961 42.803424
27.506862 149.313471 105.539371 24.139243
74.982392 43.451725 151.299506 128.914577
99.225610 36.224965 152.413685 125.701285
77.869439 30.256997 177.796789 23.354766
27.871299 64.572501 114.095484 96.758060
71.927868 132.288074 88.120835 71.568755
35.390759 99.589636 179.283995 52.210594
28.608017 122.092144 148.116799 114.454408
133.510504 29.302430 271.650638 47.483378
115.202865 99.328049 212.463280 132.003372
45.498021 80.174332 89.246244 114.060927
94.587922 91.027797 113.066155 75.712422
44.199951 140.620075 167.521355 131.468017
53.296523 88.099165 197.145997 78.520632
35.523699 33.870797 78.822628 68.400418
125.233591 49.420407 224.676168 48.188591
116.728202 100.227471 149.042061 26.338530
109.006834 103.156189 164.333006 42.730417
148.249148 132.101644 268.575290 81.402500
96.818537 44.245963 245.921186 122.507248
106.849074 71.106342 230.399369 30.819875
104.741357 20.929057 158.516174 79.495086
63.433991 126.607554 88.994084 18.222320
114.126469 37.199174 160.296044 69.392636
119.712729 132.477881 207.602589 35.180688
99.773024 79.258062 206.923928 27.623692
40.587930 109.358129 93.006713 33.515469
135.298525 90.437002 250.766826 132.453277
78.932796 144.759761 135.018050 124.450057
91.209517 64.320193 241.180725 33.374464
100.759636 56.273197 145.022574 30.361282
44.426070 53.682997 93.085250 44.995437
56.401143 46.669055 77.192199 101.171281
137.314157 61.731402 233.105046 137.496052
52.801906 52.750977 111.620900 99.862014
85.668103 94.542780 141.101235 77.138962
45.659162 84.704962 82.023858 72.228196
66.071199 145.804341 202.743849 67.204233
57.746322 116.993172 176.199771 140.776974
50.907968 126.394360 130.968724 17.949613
69.355536 35.530135 168.657035 127.911594
89.300119 149.280791 199.036586 33.557916
90.509201 73.326028 195.053006 127.203363
130.997069 84.140912 167.954018 106.096955
94.346790 68.785320 181.689807 94.793270
23.973147 147.374043 118.819498 93.572521
34.434984 71.671995 111.374090 96.439441
119.244974 134.479488 229.861261 93.101997
89.609671 41.150063 168.369483 86.049524
138.459228 31.679975 284.158458 71.496422
34.444665 50.560018 77.537906 27.666979
45.786762 101.178168 70.823870 86.960432
120.614796 71.533801 188.307009 27.530864
97.986987 63.477887 177.173701 16.383411
87.076547 99.104976 210.619362 33.874960
18.571090 59.197492 49.310997 62.221752
42.440370 31.677906 181.831973 124.016331
131.470435 44.174444 236.529724 39.827270
73.765915 87.769622 92.410773 133.421429
26.747455 121.371102 115.602167 36.877908
85.964286 50.701430 109.361004 16.625647
136.755255 100.177659 256.546145 64.889776
130.590268 42.976744 269.134382 62.701571
110.969700 99.806426 222.628470 108.073876
65.243849 80.762749 131.004379 103.196454
109.101908 87.353951 164.377697 116.257141
101.688883 146.296548 168.550307 146.463644
48.356290 23.210316 190.902659 59.102636
37.956008 98.567132 64.025803 97.473595
124.105631 53.451166 173.851405 68.908119
92.930926 19.525534 159.170920 86.296694
123.337422 123.018021 214.200672 120.795025
52.808509 18.457881 186.636010 39.108815
107.044011 92.495352 137.273870 99.476185
145.436262 62.029826 188.747747 109.611190
125.156016 37.537998 233.650965 42.666830
81.425095 21.817172 115.879646 83.638819
131.621401 40.220212 264.768829 47.444464
23.528939 105.779111 63.033843 139.952133
109.155131 101.351063 234.873148 94.447692
55.637047 99.003507 111.004244 148.703470
63.027258 61.096855 175.412470 93.731725
131.906110 116.078431 191.980869 18.630026
52.959794 93.951534 171.721226 48.295068
117.660166 148.596876 252.617618 83.690306
143.923801 67.528904 271.538676 43.517055
85.516312 101.645202 104.943134 36.334664
86.027744 84.121592 186.966734 62.497939
103.582040 103.841602 133.082980 33.652822
138.208434 122.295460 278.026043 84.715995
66.141676 50.909317 155.068298 140.516155
107.582468 101.819232 250.840809 100.205410
113.210379 37.401758 200.907313 143.654225
91.939430 78.393197 178.090704 89.768193
15.250153 86.766238 106.793657 38.783283
19.434432 94.466310 98.679165 63.081027
34.920531 92.406047 127.285155 25.542010
119.450604 58.080083 172.031041 62.732311
121.607338 74.017894 140.175525 64.287431
32.423745 41.477392 94.917578 51.190870
140.970339 104.789636 237.404857 114.467876
121.193539 22.188246 216.439975 57.514233
87.694321 26.925152 197.594620 24.937084
88.960995 136.703753 108.305356 58.288401
130.104422 28.670583 233.544686 111.138496
24.015353 93.683569 44.555014 52.785768
149.449395 48.199934 283.140140 23.229700
130.183820 135.211137 228.377841 77.368042
43.429119 57.459775 162.319689 36.721727
105.187546 73.035880 234.593270 136.189382
82.518584 124.915967 108.616780 31.400646
80.366235 120.496045 96.893750 76.328655
24.784858 23.126605 70.624271 144.446226
24.328163 44.257464 43.055549 51.176168
113.344252 135.745834 203.579862 141.379329
144.197060 27.904661 251.036673 54.223813
86.455967 69.059543 204.787584 89.126375
143.186730 41.500185 165.018080 140.695563
128.323524 132.169815 256.021535 69.616660
75.164215 41.682185 93.639742 76.284239
143.320075 117.802260 196.156598 77.025184
117.870393 103.904178 204.299766 69.352539
62.210391 103.380146 156.243057 52.112071
56.324435 68.779719 120.455890 72.085251
56.731594 118.143522 124.682511 27.541692
132.261610 97.994904 224.034736 145.977300
71.198218 20.054018 89.992133 33.828460
73.984393 44.312092 161.500752 122.304792
21.837529 16.123767 106.047585 139.082490
80.893938 34.361821 208.531688 113.220230
49.984330 145.521202 139.057532 133.046113
81.050452 33.424396 108.678586 86.881863
26.920278 31.024476 53.368999 103.055749
110.194136 135.652060 211.300843 36.197158
113.866585 53.638806 129.133320 43.977987
125.801675 49.318769 171.201145 77.447144
124.032461 59.859333 182.491372 46.116627
54.547199 43.107726 72.713482 59.773224
149.834622 90.437637 231.829464 44.055023
109.385462 119.347425 244.662685 101.063608
139.914343 146.820012 191.267786 50.501553
23.877339 130.996897 109.865761 60.193963
62.977087 130.853178 131.151861 109.597605
92.208534 147.424210 154.978756 126.991167
33.246355 87.075484 103.967906 139.421765
133.143576 44.367366 226.785090 32.855944
144.611740 112.130565 280.540441 54.024240
41.379234 148.576468 100.669604 99.782132
36.968897 131.813247 112.978612 132.950004
37.104708 82.619973 66.081492 45.462643
149.639327 36.328409 165.576430 20.217095
19.231398 112.282826 122.108410 106.929790
95.980103 117.975096 157.215002 98.534510
36.696291 56.486084 54.445407 56.040465
36.005566 145.272104 185.686674 22.072596
87.506823 42.352038 165.297675 138.936896
39.281048 91.310228 106.075124 63.117858
57.163140 101.132897 119.964900 34.701167
102.109896 96.854606 221.521495 58.520034
118.773599 129.524413 256.421384 75.450643
74.857994 54.675853 100.287910 29.730848
63.485899 120.341742 85.016751 88.036687
126.805990 41.282912 269.100542 90.298286
21.892795 120.751901 152.783601 94.431951
83.554126 134.491320 207.557941 29.279890
91.410854 78.039942 120.414811 62.026724
59.578658 69.252713 198.245887 89.446647
57.597262 38.266851 201.723376 83.595915
63.169995 126.427318 102.440479 46.956398
143.319447 65.947115 160.512930 59.734677
113.835980 20.633342 152.190698 102.696573
19.294972 94.114024 107.628792 90.983293
39.323808 21.318208 82.323023 91.174838
138.039265 16.753443 255.996108 75.269903
22.305490 96.591308 38.502857 141.653131
73.836566 78.826954 204.197135 145.906187
53.481099 88.454249 140.683109 50.098502
68.282810 148.111554 107.089860 36.910008
113.550293 79.704782 219.533105 108.734419
142.973940 78.409321 220.541031 54.060854
74.309316 20.372651 175.873595 120.545095
99.485400 85.826618 130.811553 81.312276
25.906318 40.054454 174.424506 57.200324
49.364909 58.766077 76.559485 102.723107
104.407860 65.553262 194.493785 75.284071
75.180305 47.002131 222.616231 23.804569
137.966848 130.049690 195.241423 35.155103
77.029620 58.248668 111.115514 25.043335
138.789237 62.567527 173.874951 101.350498
67.478982 97.573126 116.290642 33.239445
46.386121 106.393881 97.929568 66.057492
145.918584 19.065298 196.926102 17.944928
62.523550 115.759373 159.279578 92.912490
122.498276 25.665213 272.160345 35.226987
115.521582 63.640801 265.541273 130.923810
59.491305 103.991850 134.612892 102.408218
35.987809 52.985215 104.022572 101.346986
75.475919 74.588397 133.533415 141.138235
17.565402 119.775666 162.389637 18.969891
18.709641 143.133191 61.020947 109.398083
40.464710 134.838419 175.807069 106.408268
64.621903 124.040078 100.747830 118.498391
129.611464 99.701921 229.469020 122.813027
61.402635 48.459313 94.625559 110.773435
127.693857 91.662768 156.065078 39.621245
97.247493 92.283467 197.155705 42.673358
63.845461 116.958583 184.534984 35.451660
88.340694 108.507415 179.550916 93.607085
67.673199 24.050812 136.941294 108.203536
137.177092 37.716919 277.803515 106.500948
117.014150 61.964694 230.611772 92.964504
32.348043 39.030784 105.356992 34.851338
57.820893 68.957813 143.694630 18.822887
19.662140 17.387757 95.390940 145.135539
63.806609 116.118203 165.327259 53.128479
70.164522 99.519534 98.249794 27.614207
46.819151 66.571528 124.653845 144.235856
99.761845 19.662274 205.249392 29.268188
99.046606 29.697655 181.301420 59.852417
54.322321 117.448049 91.672568 51.869705
31.353224 132.193557 127.388491 36.236079
123.214267 135.472924 167.512180 62.459689
148.932328 147.257823 285.772409 45.367331
139.811357 123.850715 181.279252 147.619523
51.811607 97.140677 109.381908 49.272214
85.974129 124.355612 196.289111 118.987812
35.248845 61.605864 91.671617 115.410252
93.549991 27.422362 132.013873 133.758705
107.109221 117.595726 195.156554 84.482931
135.622150 84.895643 208.446667 88.768400
121.801171 111.024213 173.393281 36.093588
144.436884 141.814106 164.358177 147.581026
142.414900 54.958478 235.441066 122.645454
80.535803 26.251534 224.468124 16.969312
17.552750 148.701360 44.482699 113.671837
123.816273 89.180158 183.702100 24.396867
49.989259 30.098731 153.520732 35.551356
116.834526 30.152857 141.763786 89.302633
89.387056 42.873150 207.327444 148.908532
86.323988 34.357962 187.175247 35.533709
135.850199 111.527894 270.315827 17.514798
119.454766 43.202722 222.657131 131.060344
147.319795 115.496599 282.615641 145.114829
15.076515 75.363977 72.089733 117.453231
26.862151 48.412793 138.923190 20.990486
118.053074 44.488732 226.025883 60.158158
109.657414 40.906653 209.761885 112.083324
63.801436 49.191719 105.323243 21.255585
62.372957 73.087641 192.272907 21.537504
81.560057 65.449498 159.165106 58.177477
53.305286 148.375047 159.632223 105.982849
137.566013 19.238663 199.453313 71.857008
134.980214 23.808225 245.131526 66.517136
142.895554 119.688300 175.800019 110.052899
83.457486 58.330797 123.662289 31.718301
69.022693 29.095490 185.177178 136.027826
124.678317 41.467742 199.863410 117.864069
78.387215 62.002539 173.246760 89.048562
75.530599 45.745002 209.794710 58.200361
24.337245 78.936145 101.453677 24.670221
92.799463 33.387505 220.080061 70.927184
145.591953 50.338404 287.437327 130.407000
68.717908 130.359900 126.500758 122.319400
62.978189 107.381605 155.821942 123.605281
145.097889 87.639249 203.501106 132.644825
99.283783 83.716006 204.827907 65.945590
73.218680 91.584701 157.434390 83.082279
134.106617 135.505296 193.423636 105.132938
85.317741 112.180259 205.957514 142.106139
134.123564 95.432343 231.035200 144.324084
105.321512 50.519892 131.931863 82.256377
60.194427 47.635045 85.318725 81.132815
19.912600 123.919201 163.425163 143.761113
44.747439 131.069046 68.330759 89.118583
24.371948 22.238712 101.554461 30.878160
116.497888 82.816553 215.676670 18.894824
144.529898 28.210676 244.222436 57.083553
70.482512 82.040248 143.806182 45.618784
81.514153 107.680563 121.113062 146.030395
43.903384 68.267830 149.283095 74.612035
16.717682 103.731360 94.976707 75.269657
78.401775 104.644334 208.039829 73.822669
45.245535 130.827560 135.048818 18.278757
148.224527 123.904219 286.463816 22.940936
35.335522 105.751394 102.598851 58.476318
65.746796 118.862967 151.385989 120.842287
96.543145 37.773388 117.611581 135.991423
127.045754 147.080593 152.931190 65.642111
138.637167 127.012690 271.239745 88.074115
126.657365 142.513016 162.507644 52.262158
64.892625 29.384499 108.914397 107.350588
66.458339 61.112533 123.139498 79.463750
98.220978 24.292280 158.975670 106.316289
114.433525 81.832931 177.421693 50.314270
44.255761 58.028555 109.585970 53.108813
45.301647 126.932823 153.434087 109.527536
23.296605 119.795019 149.718042 89.613206
134.998321 81.206126 233.058118 143.457066
73.132519 120.835292 210.330822 141.952042
74.586756 121.444828 206.530654 75.927628
57.273896 19.317044 82.504511 107.158068
25.610573 64.521155 143.089705 73.476248
103.689050 86.691792 160.176621 104.611281
25.422440 135.781408 167.603993 49.464835
84.824032 28.180783 173.840640 113.880166
35.977097 35.673240 136.504010 23.969164
79.715832 81.188804 159.477201 121.522482
15.766286 63.798278 70.437117 73.816009
125.574559 40.795030 275.061681 101.513155
102.514484 72.955262 182.001770 54.437984
135.231079 32.558511 276.785637 85.775427
30.467559 17.755360 135.619509 132.389324
33.760552 139.871169 91.709813 102.863720
16.392932 28.599856 129.753480 93.606299
78.135089 141.808177 133.452013 52.223655
86.134686 41.299958 217.624784 45.045783
99.744947 126.360014 156.611142 136.057087
147.940008 47.549107 222.265795 130.395269
89.732499 121.289793 222.172544 18.854803
108.130048 76.592779 244.680800 64.182216
72.623229 55.594473 213.626345 36.526102
29.771829 60.675671 134.039345 82.655333
79.452810 142.384314 151.658097 116.750626
92.249500 19.743123 170.606708 97.777447
66.422572 88.462273 190.876397 123.706555
139.434265 149.190268 241.276911 93.654009
52.996215 54.351629 130.038417 99.104457
134.164844 93.674323 177.169107 70.307481
23.974301 53.221907 171.548092 95.709093
145.158619 40.876631 179.063269 25.875735
19.692986 47.235336 95.510889 91.717339
31.275670 132.155832 129.940847 57.343768
65.662507 63.344649 158.100312 132.563902
41.346061 67.127398 65.122790 107.302190
24.371704 46.545840 160.017089 51.068738
65.013777 90.045661 181.068624 42.566995
68.212073 139.047560 92.758909 55.884386
129.374170 94.544351 252.405658 123.417460
128.765697 130.807637 211.324110 125.359814
17.650042 39.817238 124.706792 93.263828
139.757399 134.507786 209.543006 28.876771
30.048508 23.145123 78.295784 105.127960
25.729416 69.478011 131.738207 17.763064
147.051388 85.229575 191.092368 48.531701
34.910154 68.648658 76.646105 99.440030
47.283433 132.017180 167.110665 125.008403
129.568440 132.756124 228.723224 38.387844
81.405625 71.570069 104.257386 124.803460
35.701525 84.394168 88.738990 34.561080
109.170655 39.609878 155.713106 68.188673
115.889475 105.934761 149.873005 71.093226
44.455711 115.286596 127.137240 87.325590
114.393043 98.931749 162.605670 90.220053
133.262567 76.787916 225.414297 121.188380
132.831566 38.733165 192.933066 127.153999
131.043561 106.061035 147.274751 115.287247
90.511342 30.335043 127.405887 16.485895
78.441397 48.315753 132.854820 78.492404
45.627747 134.019584 131.819726 83.818707
53.538288 78.491255 122.377104 53.808491
135.347409 28.409839 163.715638 111.309778
21.945959 44.633849 44.142194 34.048187
26.449046 95.017735 72.782139 80.896572
107.795843 35.574084 213.593823 149.361348
35.851249 74.368765 119.268112 52.619133
72.766558 77.655183 131.138018 44.560077
34.681164 110.023505 136.931757 111.579385
133.447711 84.149228 256.486266 137.822781
139.629705 79.445030 179.939029 125.584733
37.476555 53.885540 92.362267 59.863961
72.459628 143.368199 172.262179 128.651058
58.326897 125.404648 126.190092 122.650625
51.899643 106.353543 127.930017 64.283465
27.427562 27.484939 64.454163 89.192994
59.723029 115.383677 160.937601 77.967855
131.491125 83.488858 260.169363 36.038274
142.042114 44.130595 196.238896 148.316438
97.875479 46.971434 194.435946 62.198691
100.517262 131.984114 226.977664 71.512588
59.377197 99.256216 180.161849 44.747611
30.126687 95.862047 50.304067 19.172136
65.807728 129.153652 214.105160 141.577175
96.077837 20.710077 156.447940 81.342533
45.898131 86.218758 75.357243 86.048679
50.710154 124.675922 95.109119 147.153760
139.789504 144.596110 216.670420 131.474385
128.613513 129.214414 167.816060 102.269679
100.557205 43.923780 122.470805 124.215060
125.641491 100.659757 144.970747 86.424825
122.819790 17.502760 233.182307 58.912589
135.993995 143.737334 235.191085 139.039576
134.681680 32.251381 211.112017 115.742171
132.806555 104.597196 219.645677 52.073885
108.767501 26.380672 153.332813 70.700009
119.988479 138.651246 172.665660 137.017514
35.454963 60.561892 165.638584 98.277931
77.002790 103.133401 200.217955 127.964081
15.225813 47.248489 147.740894 32.061978
147.591642 123.185746 269.864267 102.854530
126.330574 35.250643 173.468067 110.587752
30.727420 23.706152 147.404194 41.422399
36.359601 130.514495 97.845842 121.971990
69.590614 62.500743 163.004005 132.196888
86.425775 55.118280 185.530148 95.124795
69.873491 95.850300 134.378754 39.443216
119.308260 117.998187 235.931777 100.270610
96.151600 146.892439 143.234260 69.127534
116.398284 88.069915 213.119369 92.348211
20.437936 17.828654 106.910700 74.937297
62.725351 59.938232 142.543114 49.545693
69.119618 39.623902 155.675929 125.592820
29.887460 92.047182 117.788829 143.232813
115.635810 33.493851 151.457451 94.556970
111.868545 15.250006 172.559888 146.814955
73.210312 30.200609 209.366952 82.478790
118.632892 34.804882 173.047108 119.849664
86.566285 78.374362 107.813593 60.677188
107.079739 63.798710 145.420787 72.707924
41.610435 15.392757 151.176394 101.164739
86.649782 58.199745 159.421220 89.874569
147.070035 50.734879 182.905032 78.116626
77.296994 79.070674 185.348195 75.494917
63.974457 109.471734 186.611569 19.203882
120.123008 135.093963 233.865127 80.806742
32.935703 37.318146 112.285914 105.049316
48.198547 40.387018 74.880930 120.362169
59.690213 47.508927 168.249363 25.168036
65.761696 127.822046 171.463786 94.959161
130.436294 69.162999 156.776131 46.191664
111.475683 102.741760 215.494253 52.190876
89.867760 15.712580 174.211343 24.551452
47.014621 143.457219 132.844371 98.321701
117.585973 139.843400 209.408122 78.658421
108.347044 111.491822 188.520507 54.169890
111.063888 65.183624 195.610049 74.864668
30.565147 19.874503 155.596646 101.604125
66.785024 116.216615 193.370755 120.770404
117.543241 35.510560 158.915067 36.263458
70.571336 64.685807 199.158513 117.568591
80.683902 84.872847 128.261078 121.544810
97.946964 24.836835 180.882660 45.472862
66.388646 53.070627 129.578504 63.272873
140.457922 108.580132 275.093979 46.208384
22.099247 145.419625 147.003553 16.328894
25.058160 120.114617 151.835094 36.792521
134.068250 91.677432 210.884572 103.380580
23.717733 142.499896 172.157650 102.912235
63.831066 62.448580 108.897031 112.102547
89.688162 132.613800 230.552695 118.829792
89.472715 83.362412 104.712309 61.053238
24.175510 31.171714 91.532401 43.228042
57.703716 125.608287 207.710731 94.504622
45.529413 77.107300 100.066871 141.056660
147.945480 97.597113 265.576649 39.412958
30.447696 109.551124 111.307368 45.987714
131.790474 138.953514 214.203828 51.269272
111.879454 64.692638 216.818505 15.076603
112.593263 27.035779 249.333051 18.069371
86.590431 24.669889 183.149668 74.420368
141.625550 59.827882 239.070770 105.689365
89.368308 75.928473 230.641724 145.406812
27.346741 103.767247 153.335178 109.345911
61.337450 140.817199 159.356610 110.988499
101.432233 146.134079 133.826690 147.477167
101.459771 87.126001 216.166081 114.171200
141.452906 102.687433 256.788199 25.237680
42.330536 134.429940 107.274294 40.301409
129.637976 78.858935 188.991426 28.721741
108.599006 109.145188 218.348253 140.751464
104.325762 106.023055 132.301219 60.711925
119.753185 126.879192 195.137756 40.874115
98.360630 79.146078 140.866916 44.628401
36.621507 111.836552 137.643609 51.339105
86.458982 85.976554 230.238315 27.511724
128.575688 52.742488 274.651524 21.353814
36.135821 39.419946 128.942735 122.940331
40.461229 147.165969 95.290443 78.869954
97.194018 62.952800 237.336016 17.855100
138.488207 92.675292 262.024925 139.036015
97.694818 73.092925 176.445710 23.792584
61.579977 64.593903 112.242592 29.910745
144.321337 31.901280 236.133443 145.741878
133.818798 53.171911 231.641290 111.944967
59.876484 79.263446 127.709441 34.640226
36.166983 112.982875 117.387256 40.610855
99.552083 115.994378 122.987111 121.395220
35.587077 44.866920 71.011915 139.364169
124.547255 99.568414 268.815686 144.241761
49.308483 103.709086 162.761453 142.737679
123.613848 122.194261 185.753221 73.080378
137.612445 96.104348 248.081582 103.378895
148.490814 96.019456 233.289358 131.872265
86.283048 144.287171 121.470296 101.987559
135.878588 144.269083 223.553434 136.565847
56.559880 18.824635 93.250329 74.639967
147.395445 88.260545 183.449944 94.394287
114.180913 20.212338 178.850573 63.111929
71.804343 57.534916 216.333392 47.228190
135.247380 123.919967 214.593301 73.082765
107.093240 138.265712 246.271857 15.934647
128.455583 84.412868 210.051538 63.826692
77.846497 83.054296 122.113855 134.657470
137.738584 47.618270 281.634524 92.643941
135.872663 92.081153 196.222228 134.108105
93.075098 143.219400 163.558791 135.887933
118.650146 19.246765 220.859968 26.001824
116.983033 123.706150 151.598805 147.016647
112.775601 28.837270 162.464267 49.400754
102.929472 119.626799 201.204203 56.025323
91.053971 107.892556 141.692249 93.603381
54.326294 43.022658 93.266122 45.079704
134.083363 73.944272 169.975230 141.883064
46.351501 123.381014 131.822515 25.532068
129.499060 46.368861 175.670927 71.129822
53.374010 136.180180 123.322401 143.733164
49.474186 128.171266 184.467580 53.271134
62.301420 132.598400 128.870964 94.123340
123.624663 125.680150 220.540752 126.802591
116.739015 82.427259 249.376905 141.378388
86.379097 34.224385 135.457754 98.901071
134.233126 22.749718 277.959647 75.100051
111.928173 126.461108 177.563894 83.870314
56.410342 66.491979 88.537183 56.101487
131.654589 59.515832 261.336439 149.831768
104.182082 140.446771 219.284737 43.797776
116.149866 74.674100 254.831431 128.580754
145.138398 40.664981 261.535013 72.660755
84.610810 145.083899 190.794981 16.452002
29.473874 96.087540 93.351660 53.667939
70.295458 77.223897 212.166842 105.972665
15.613120 145.829404 55.818663 110.548052
125.464043 58.115363 242.391977 78.044861
63.928873 40.577090 107.058457 68.036222
76.712545 107.202097 215.855251 70.246673
79.602715 102.152405 202.705468 80.597062
39.203497 146.267403 179.339739 54.162437
68.813902 126.577594 132.118225 114.517817
40.171707 35.983245 177.887480 35.687880
108.900956 72.250545 139.561769 133.754268
82.455985 133.017546 225.689681 149.792546
119.347431 133.582868 214.871257 82.146890
105.250801 101.955652 235.135745 137.508644
107.182212 41.360605 153.982118 116.617613
125.979236 51.618451 158.936214 98.563437
118.581840 113.092081 221.709914 132.404680
68.262921 30.313292 179.815539 70.964070
119.966539 104.919442 219.013857 128.089353
138.696693 137.930731 188.578038 53.038034
50.246003 84.805009 108.549636 18.413251
143.285956 47.092419 239.673449 118.071507
102.133748 118.512690 212.554223 48.889865
141.484737 91.482835 191.311176 69.902702
43.915107 146.608610 86.965553 20.506386
118.325868 125.538722 260.510813 85.644936
92.076392 42.923568 156.072498 19.644361
41.018888 111.593485 127.217312 101.962877
92.963401 134.703095 169.713250 140.101583
98.057991 35.969383 200.845706 62.541918
56.928493 22.531160 103.716955 122.690823
71.659595 138.320497 153.491367 139.725608
51.430834 70.056242 75.301942 36.183947
64.722068 98.580391 114.668354 24.420842
97.630763 33.103412 148.592861 131.571319
112.392299 123.401309 223.861413 74.383156
18.477455 38.008738 91.026068 73.680150
74.378646 104.174262 99.295077 72.326013
34.175285 19.635113 144.481223 64.266343
82.011522 71.256458 218.829291 82.618756
136.791265 78.812087 232.324720 104.454836
82.648086 137.578128 107.210865 93.463727
83.494393 145.826401 159.445651 65.519299
39.836243 51.568750 135.139387 48.241543
82.437260 127.695336 174.464724 23.509114
38.030095 104.618220 54.448170 20.010242
