250
7.185184 6.136104 13.546985 8.659703
14.641324 8.080980 19.271798 10.668711
5.794564 9.642241 15.107765 10.141902
8.175381 13.181513 19.269103 8.338120
13.605992 6.231083 24.965996 14.169323
5.652910 10.278611 13.919415 1.372583
9.693440 12.039489 25.412909 3.903924
5.916104 7.039367 17.237943 4.111815
10.696794 2.717038 26.121600 10.043332
1.804640 5.103646 12.452200 4.760119
14.203858 11.176825 22.783494 1.427477
12.268320 10.517022 22.173719 12.472212
4.434656 8.264616 19.551104 4.493337
7.582511 14.525967 19.917128 14.656081
4.135975 13.592728 18.014130 14.582873
5.257240 1.881573 12.350327 3.528067
4.908230 6.961469 15.209731 10.674997
7.125359 4.638223 18.515751 6.192534
14.762284 11.443384 19.493076 11.184531
13.334303 14.134010 19.206788 13.198786
10.959489 13.046156 22.030993 8.771395
6.262301 1.851641 19.046596 6.389730
7.333767 5.417706 17.176204 1.152114
10.893396 13.346558 24.004714 3.218527
2.143315 10.949732 12.240858 5.085275
3.336139 14.582772 5.954584 5.532136
5.280730 6.943381 18.060714 14.318311
11.450218 14.364042 14.101692 1.770357
6.841983 2.036634 16.082369 9.627125
7.330423 10.266669 15.575660 9.039271
7.115372 10.727799 16.758785 2.493436
10.762225 10.711179 14.632811 13.852724
7.353903 11.802767 21.808400 9.899519
8.291716 1.969844 15.160299 6.650913
1.256685 7.706642 11.522151 8.802298
6.150669 7.999675 16.234684 10.612611
12.403915 7.308291 25.444590 5.940879
10.986039 6.920588 20.792074 5.906179
7.753643 8.311320 20.950321 6.894749
5.150246 9.843669 17.513065 12.583128
7.608294 1.608047 14.287252 5.266614
11.962095 1.237463 20.762201 10.158416
7.002180 5.927014 21.002654 12.460461
8.168176 12.581954 21.621505 3.100463
13.784034 5.206315 16.757151 7.194658
12.526082 11.331441 16.692700 5.795388
2.847840 13.808151 13.202923 2.613211
11.895804 4.282969 26.959460 9.208575
4.431379 11.417128 10.454487 3.228537
1.376289 7.195728 13.094747 10.989238
9.751543 14.860303 14.449290 6.212957
4.594415 6.886296 17.988830 8.152267
6.053497 12.269324 15.428252 12.756517
8.612640 12.392417 20.479756 11.245848
9.783295 7.899258 23.997673 9.127550
2.885451 6.224897 12.883081 14.172825
9.020104 3.569137 22.159301 10.372796
13.339497 14.309047 20.983866 1.320786
3.910270 1.571804 19.347540 9.862723
4.126212 3.387926 7.537909 10.817721
3.245276 11.235255 16.936001 13.698470
7.931787 4.503634 20.096715 6.781718
6.174065 3.381136 9.300930 5.971441
10.657874 14.737342 21.761782 2.419510
6.846139 7.364027 14.549229 9.738728
5.047414 10.996071 14.877704 1.687375
1.719570 7.515268 14.763275 7.254271
11.985816 13.195068 14.603715 8.851460
5.991054 10.978761 16.924748 4.620838
8.455433 4.509676 23.372408 11.583379
11.057265 10.741821 15.283082 3.043725
8.105267 2.483685 23.139249 10.191143
9.145887 6.378962 15.820575 7.077537
1.522147 7.231402 7.183322 3.348017
2.224425 13.819671 11.262020 14.889938
7.530721 13.145092 11.998838 14.580702
5.697399 12.745746 13.419968 9.334864
3.568547 3.955450 18.677798 1.418896
14.471087 7.999585 27.582170 7.795152
8.937818 2.690676 12.860655 9.426291
10.286278 1.490731 19.921957 5.194863
6.094975 5.815209 15.506782 9.656730
14.546320 5.554697 17.468395 13.842719
7.494128 6.465878 23.417321 1.191745
6.931291 2.070207 15.446054 11.134343
7.874909 12.505026 19.335852 3.617926
8.411761 13.210002 17.105723 6.695263
11.752784 1.054046 21.338071 10.475383
11.983053 3.936625 16.100809 5.233577
3.962001 6.258893 16.330019 7.375588
2.075015 1.140369 9.239543 7.058744
10.222882 8.611689 23.859548 8.876504
4.923357 9.278064 14.292329 9.765927
4.545292 14.200114 17.360867 2.311489
8.028019 11.191571 23.075090 2.886881
10.225393 6.732152 23.224721 8.422055
11.836553 5.515720 26.643582 1.383411
11.139490 11.316983 23.493810 10.562119
11.307089 3.460788 21.637297 8.896339
11.205524 2.589849 17.625240 13.096678
2.835456 5.502217 12.633506 13.086640
1.622800 6.566875 4.439529 7.102444
4.274886 3.664643 9.727496 2.939646
6.114587 12.534969 15.963102 5.363341
6.638264 10.302077 22.621380 9.632923
5.946502 9.777489 19.692118 11.854096
8.672198 2.136495 19.094784 1.002544
13.608875 5.301591 24.007563 10.539573
3.677528 3.652574 16.671779 11.776086
8.750829 7.411800 11.401956 6.772884
6.111917 14.142900 17.801972 1.117898
8.452432 6.872817 14.757936 2.568402
14.389703 8.010865 16.913659 3.808221
7.443193 7.204931 22.018992 8.666134
10.801327 3.804468 15.384090 14.381849
9.467341 4.127437 24.407282 4.155964
10.496902 2.804347 21.428647 12.349702
10.339924 3.479414 15.766871 14.576103
11.694274 11.561200 19.646267 7.582123
3.461754 4.986193 10.610861 4.501930
12.963464 9.427967 20.243571 7.271756
9.053928 4.912349 16.445172 13.003968
10.304549 9.149318 16.202545 3.765823
11.594926 5.194529 17.171820 8.986844
9.701557 9.987427 25.275534 3.098348
6.240581 12.976593 18.281030 11.102158
13.868313 13.768096 21.492769 7.447089
3.422393 8.435141 6.139689 11.264721
3.824562 11.083150 17.419475 8.283432
7.905163 2.520577 20.937463 13.293621
2.239121 3.823792 5.406150 13.146211
9.215693 3.470346 20.050040 7.302258
4.117080 13.379194 10.753185 13.458392
14.539819 12.300325 25.708926 12.647509
1.646654 1.655902 12.162410 8.623721
10.882210 5.783625 24.991026 5.070372
2.218466 3.616421 11.438077 1.155138
3.208797 5.045138 18.769903 10.814141
12.062011 7.291184 25.129566 14.587992
13.734235 6.034279 22.739495 4.891866
12.615387 5.422637 16.690767 9.695401
3.150131 4.137760 16.464770 1.460557
10.200949 12.845682 16.166466 1.875627
5.284779 5.871368 16.740947 3.943411
2.720510 4.056706 10.565578 7.958774
12.322509 1.533111 14.411654 12.013962
9.974242 1.016822 12.243054 6.192785
6.993458 11.585563 19.588822 14.163272
9.891500 11.411200 19.596530 12.663416
9.410209 5.439440 18.014654 9.176373
9.273892 6.489093 12.887094 4.525141
4.261477 12.022695 18.264388 11.890613
3.029645 10.501538 17.974180 2.676691
2.919351 4.854387 16.212525 5.182347
11.177694 3.330311 16.807689 13.336898
2.792788 9.453102 9.103912 6.020554
1.203024 2.601304 6.252840 6.780712
1.967610 1.598621 8.312753 6.195267
7.775252 3.893524 16.228400 3.747624
11.511467 10.998929 20.639855 7.363650
3.377782 14.455958 8.972203 3.312415
3.999664 11.333735 8.942928 9.638794
8.678331 6.674760 18.401082 8.062238
1.365683 8.079762 16.492403 1.311851
14.625178 10.933002 30.409315 13.241860
10.764321 9.501641 21.871357 7.701286
6.690027 1.321523 14.840748 12.396685
7.368841 2.457903 17.741956 14.897611
9.914251 5.358373 23.327032 13.608403
11.279160 8.492146 21.081049 5.794681
2.883056 1.853718 9.396817 2.752170
7.941109 4.160703 22.066995 9.951251
7.612564 6.958790 10.428739 2.864788
2.996955 8.946298 18.400476 7.458116
13.290068 1.460018 19.731981 3.806886
2.831982 1.141216 10.760234 8.376373
9.913177 5.590642 19.641027 14.646505
9.787801 5.247949 20.575914 13.132833
12.350712 7.281131 24.491730 13.978364
2.439438 9.322402 15.914030 11.636663
7.397123 9.600109 17.701368 8.850468
3.474092 11.257274 6.288657 3.461271
11.003834 12.699381 25.790144 8.024393
11.005981 14.966872 13.968700 4.442164
4.639884 8.539193 9.201488 7.735700
6.314867 13.510227 16.651004 2.342099
14.671000 5.134097 16.986087 8.658543
5.778975 5.436013 15.819687 10.401716
3.990004 7.870596 19.604178 11.111758
14.844071 3.759615 20.532657 6.966876
3.162191 8.506912 16.453245 2.419958
11.584729 13.661973 21.156404 9.133111
6.200678 13.043499 16.186684 5.620580
6.636417 1.179078 10.048976 3.535452
9.558398 2.702790 18.532670 7.418959
13.195146 10.365755 27.032121 2.056173
4.293366 6.724695 13.742548 9.706814
12.717295 11.103367 27.059475 12.358739
7.201461 6.823848 22.472532 4.642518
6.175075 8.527168 9.215325 13.898928
1.688665 6.837794 15.570917 13.172969
9.262107 8.149326 21.954013 2.671490
5.861412 8.126402 8.281718 5.309336
12.400117 1.160054 15.023780 14.885740
2.066390 5.709755 12.172788 7.291428
12.757930 5.264449 24.720252 1.756806
8.768226 5.559538 22.426682 7.375585
14.941238 4.381610 25.467782 10.711351
9.426549 9.361405 23.532489 11.357976
10.739104 14.996294 18.664253 12.990676
12.300801 5.098532 27.559586 13.771925
6.336420 11.400181 20.004087 1.798546
11.228096 10.119276 19.264898 11.383525
9.370617 3.378920 24.571443 11.211539
14.533641 6.900952 26.355270 8.362530
6.223429 5.694168 18.401542 4.052282
8.095615 6.582648 13.629442 11.394658
7.351645 4.604281 10.922663 1.469004
8.363678 9.019929 23.429955 6.020215
8.703950 11.628182 18.518600 12.422006
13.217806 13.864497 26.825838 8.611965
14.658634 8.399789 23.394617 10.770107
6.388305 2.300231 12.590776 5.670772
14.460432 4.363707 21.566683 2.129070
12.028397 1.250731 27.468797 1.660419
6.355545 6.080444 11.650718 11.983245
2.893684 1.471089 14.697334 2.736749
11.365441 10.482907 21.056727 12.470139
12.872396 9.301058 21.064551 9.000720
11.880712 5.897568 14.742184 10.641735
2.052045 13.647501 11.579382 1.168763
9.921654 10.568267 17.474266 12.732697
4.930805 5.259667 11.056036 6.017135
14.687742 11.878774 25.665104 1.073269
9.530704 6.771674 23.123552 6.253422
6.161363 1.379983 21.175965 5.017875
9.517757 9.766978 15.940930 8.718369
3.684473 1.157811 14.132268 6.130937
13.996192 2.280725 29.191690 14.693587
12.429967 10.559989 24.422768 10.721103
13.787773 2.577711 23.472444 10.865933
8.391770 9.140938 13.793680 4.878404
4.266886 1.788299 14.838863 9.131509
13.590911 5.278611 29.236621 12.135241
12.710151 11.607749 28.401815 12.601803
11.945279 2.060875 15.351906 12.948769
9.939279 10.128881 13.735483 11.390903
4.432414 2.239700 16.264172 6.176259
8.694774 11.465373 10.988911 5.366442
1.800798 12.842738 11.642814 3.016162